A) DEC => BIN
	256 128 64 32 16 8 4 2 1
98|	 0   0	 1  1  0 0 0 1 0
98(10) => 1100010(2)
____________________________
	
	256 128 64 32 16 8 4 2 1
56|	 0   0   0  1  1 1 0 0 0
56(10) => 111000
____________________________
	
	256 128 64 32 16 8 4 2 1
31   0   0   0  0  1 1 1 1 1
31(10) => 11111
____________________________

	256 128 64 32 16 8 4 2 1
32   0   0   0  1  0 0 0 0 0
32(10) => 100000


B)	BIN => DEC
	256 128 64 32 16 8 4 2 1
	               1 1 1 0 1
11101(2) = > 16 + 8 + 4 + 1 => 29(10)
_____________________________________

	256 128 64 32 16 8 4 2 1
	         1  1  1 0 1 1 1
1110111(2) => 64 + 32 + 16 + 4 + 2 + 1 => 119(10)
_____________________________________

	256 128 64 32 16 8 4 2 1
	                 1 0 0 1
1001(2) => 8 + 1 => 9(10)
_____________________________________

	256 128 64 32 16 8 4 2 1
	      1  1  0  0 1 1 0 0
11001100(2) => 128 + 64 + 8 + 4 = 204(10)


C) DEC => HEX
156(10) => 
100(10) => 
2020(10 => 
1456(10) => 



D) HEX => DEC
3E(16) => 

	256 128 64 32 16 8 4 2 1
14C

	256 128 64 32 16 8 4 2 1
5B3

	256 128 64 32 16 8 4 2 1
2A2B


E) HEX => BIN
200(16) => 0010|0000|0000
200(16) => 1000000000
_________________________

CAB(16) => 1100|1010|1011
CAB(16) => 110010101011
_________________________

ED(16) => 1110|1101
ED(16) => 11101101
_________________________

7B3(16) => 0111|1011|0011
7B3(16) => 011110110011

F) BIN => HEX
110(2) => 6(16)
1011(2) => B(16)
110011(2) => 0011|0011 => 33(16)
101100(2) => 0010|1100 => 2C(16)


G) DEC => OCT
8(10) => 10(8)
56(10) => 70(8)
7(10) => 7(8)
45(10) => 55(8)


H) OCT => DEC
25
34
621
2

